count the number of NaN values in each column
0    0
1    0
2    0
3    0
4    0
5    0
6    0
7    0
8    0
dtype: int64
printing 20 rows of dataset
     0      1          2         3           4          5      6   7  8
0    6  148.0  72.000000  35.00000  155.548223  33.600000  0.627  50  1
1    1   85.0  66.000000  29.00000  155.548223  26.600000  0.351  31  0
2    8  183.0  64.000000  29.15342  155.548223  23.300000  0.672  32  1
3    1   89.0  66.000000  23.00000   94.000000  28.100000  0.167  21  0
4    0  137.0  40.000000  35.00000  168.000000  43.100000  2.288  33  1
5    5  116.0  74.000000  29.15342  155.548223  25.600000  0.201  30  0
6    3   78.0  50.000000  32.00000   88.000000  31.000000  0.248  26  1
7   10  115.0  72.405184  29.15342  155.548223  35.300000  0.134  29  0
8    2  197.0  70.000000  45.00000  543.000000  30.500000  0.158  53  1
9    8  125.0  96.000000  29.15342  155.548223  32.457464  0.232  54  1
10   4  110.0  92.000000  29.15342  155.548223  37.600000  0.191  30  0
11  10  168.0  74.000000  29.15342  155.548223  38.000000  0.537  34  1
12  10  139.0  80.000000  29.15342  155.548223  27.100000  1.441  57  0
13   1  189.0  60.000000  23.00000  846.000000  30.100000  0.398  59  1
14   5  166.0  72.000000  19.00000  175.000000  25.800000  0.587  51  1
15   7  100.0  72.405184  29.15342  155.548223  30.000000  0.484  32  1
16   0  118.0  84.000000  47.00000  230.000000  45.800000  0.551  31  1
17   7  107.0  74.000000  29.15342  155.548223  29.600000  0.254  31  1
18   1  103.0  30.000000  38.00000   83.000000  43.300000  0.183  33  0
19   1  115.0  70.000000  30.00000   96.000000  34.600000  0.529  32  1
 count the number of NaN values in each column
0
The accuracy obtained is
0.766927083333
